image_width: 640
image_height: 480
camera_name: narrow_stereo
camera_matrix:
  rows: 3
  cols: 3
  data: [288.588513, 0, 326.361548, 0, 290.430862, 246.120938, 0, 0, 1]
distortion_model: plumb_bob
distortion_coefficients:
  rows: 1
  cols: 5
  data: [-0.256778, 0.038243, -0.0022, -0.002059, 0]
rectification_matrix:
  rows: 3
  cols: 3
  data: [1, 0, 0, 0, 1, 0, 0, 0, 1]
projection_matrix:
  rows: 3
  cols: 4
  data: [208.197403, 0, 340.882926, 0, 0, 216.650696, 248.051122, 0, 0, 0, 1, 0]