image_width: 640
image_height: 480
camera_name: head_camera
camera_matrix:
  rows: 3
  cols: 3
  data: [288.5885133887171, 0, 326.3615477347591, 0, 290.4308620168811, 246.1209382908484, 0, 0, 1]
distortion_model: plumb_bob
distortion_coefficients:
  rows: 1
  cols: 5
  data: [-0.2567782700426974, 0.0382426955125063, -0.002200103399033199, -0.002058601941446359, 0]
rectification_matrix:
  rows: 3
  cols: 3
  data: [1, 0, 0, 0, 1, 0, 0, 0, 1]
projection_matrix:
  rows: 3
  cols: 4
  data: [208.1974029541016, 0, 340.8829262851668, 0, 0, 216.6506958007812, 248.0511219276013, 0, 0, 0, 1, 0]