# oST version 5.0 parameters


[image]

width
640

height
480

[narrow_stereo]

camera matrix
572.853923 0.000000 315.228909
0.000000 539.971474 238.341510
0.000000 0.000000 1.000000

distortion
-0.966177 0.707345 -0.022930 0.018585 0.000000

rectification
1.000000 0.000000 0.000000
0.000000 1.000000 0.000000
0.000000 0.000000 1.000000

projection
406.627380 0.000000 330.825494 0.000000
0.000000 396.073792 214.441132 0.000000
0.000000 0.000000 1.000000 0.000000

